{
 "cells": [
  {
   "cell_type": "code",
   "execution_count": 1,
   "metadata": {},
   "outputs": [],
   "source": [
    "import pandas as pd\n",
    "from sklearn.model_selection import train_test_split\n",
    "\n",
    "from matplotlib import pyplot as plt"
   ]
  },
  {
   "cell_type": "code",
   "execution_count": 2,
   "metadata": {},
   "outputs": [],
   "source": [
    "apartments = pd.read_csv('streeteasy-data.csv')"
   ]
  },
  {
   "cell_type": "code",
   "execution_count": 3,
   "metadata": {},
   "outputs": [],
   "source": [
    "borough_names = set()\n",
    "boroughs = {}\n",
    "\n",
    "for borough in apartments['borough']:\n",
    "    borough_names.add(borough)\n",
    "    \n",
    "for borough in borough_names:\n",
    "    boroughs[borough] = pd.DataFrame(apartments.loc[apartments['borough']==borough])\n",
    "    del boroughs[borough]['rental_id'],boroughs[borough]['building_id']\n",
    "\n"
   ]
  },
  {
   "cell_type": "code",
   "execution_count": 4,
   "metadata": {},
   "outputs": [
    {
     "data": {
      "text/html": [
       "<div>\n",
       "<style scoped>\n",
       "    .dataframe tbody tr th:only-of-type {\n",
       "        vertical-align: middle;\n",
       "    }\n",
       "\n",
       "    .dataframe tbody tr th {\n",
       "        vertical-align: top;\n",
       "    }\n",
       "\n",
       "    .dataframe thead th {\n",
       "        text-align: right;\n",
       "    }\n",
       "</style>\n",
       "<table border=\"1\" class=\"dataframe\">\n",
       "  <thead>\n",
       "    <tr style=\"text-align: right;\">\n",
       "      <th></th>\n",
       "      <th>rental_id</th>\n",
       "      <th>building_id</th>\n",
       "      <th>rent</th>\n",
       "      <th>bedrooms</th>\n",
       "      <th>bathrooms</th>\n",
       "      <th>size_sqft</th>\n",
       "      <th>min_to_subway</th>\n",
       "      <th>floor</th>\n",
       "      <th>building_age_yrs</th>\n",
       "      <th>no_fee</th>\n",
       "      <th>has_roofdeck</th>\n",
       "      <th>has_washer_dryer</th>\n",
       "      <th>has_doorman</th>\n",
       "      <th>has_elevator</th>\n",
       "      <th>has_dishwasher</th>\n",
       "      <th>has_patio</th>\n",
       "      <th>has_gym</th>\n",
       "    </tr>\n",
       "  </thead>\n",
       "  <tbody>\n",
       "    <tr>\n",
       "      <th>rental_id</th>\n",
       "      <td>1.000000</td>\n",
       "      <td>-0.005627</td>\n",
       "      <td>-0.142801</td>\n",
       "      <td>-0.035035</td>\n",
       "      <td>-0.106741</td>\n",
       "      <td>-0.080647</td>\n",
       "      <td>0.009344</td>\n",
       "      <td>-0.095590</td>\n",
       "      <td>0.047474</td>\n",
       "      <td>0.036605</td>\n",
       "      <td>-0.034081</td>\n",
       "      <td>-0.072351</td>\n",
       "      <td>-0.066153</td>\n",
       "      <td>-0.070506</td>\n",
       "      <td>-0.036664</td>\n",
       "      <td>-0.008090</td>\n",
       "      <td>-0.032547</td>\n",
       "    </tr>\n",
       "    <tr>\n",
       "      <th>building_id</th>\n",
       "      <td>-0.005627</td>\n",
       "      <td>1.000000</td>\n",
       "      <td>-0.001235</td>\n",
       "      <td>0.007502</td>\n",
       "      <td>-0.014055</td>\n",
       "      <td>-0.002570</td>\n",
       "      <td>-0.059641</td>\n",
       "      <td>0.015090</td>\n",
       "      <td>-0.036225</td>\n",
       "      <td>-0.019666</td>\n",
       "      <td>0.007928</td>\n",
       "      <td>0.000589</td>\n",
       "      <td>0.027252</td>\n",
       "      <td>0.018778</td>\n",
       "      <td>0.026607</td>\n",
       "      <td>-0.005895</td>\n",
       "      <td>0.016330</td>\n",
       "    </tr>\n",
       "    <tr>\n",
       "      <th>rent</th>\n",
       "      <td>-0.142801</td>\n",
       "      <td>-0.001235</td>\n",
       "      <td>1.000000</td>\n",
       "      <td>0.531200</td>\n",
       "      <td>0.733644</td>\n",
       "      <td>0.808784</td>\n",
       "      <td>0.003652</td>\n",
       "      <td>0.272351</td>\n",
       "      <td>-0.122302</td>\n",
       "      <td>-0.091769</td>\n",
       "      <td>0.081286</td>\n",
       "      <td>0.096136</td>\n",
       "      <td>0.099106</td>\n",
       "      <td>0.120822</td>\n",
       "      <td>0.096631</td>\n",
       "      <td>0.058260</td>\n",
       "      <td>0.093737</td>\n",
       "    </tr>\n",
       "    <tr>\n",
       "      <th>bedrooms</th>\n",
       "      <td>-0.035035</td>\n",
       "      <td>0.007502</td>\n",
       "      <td>0.531200</td>\n",
       "      <td>1.000000</td>\n",
       "      <td>0.647499</td>\n",
       "      <td>0.738410</td>\n",
       "      <td>0.053365</td>\n",
       "      <td>-0.006468</td>\n",
       "      <td>0.070329</td>\n",
       "      <td>-0.067047</td>\n",
       "      <td>-0.012395</td>\n",
       "      <td>-0.002582</td>\n",
       "      <td>-0.034031</td>\n",
       "      <td>-0.027457</td>\n",
       "      <td>-0.007094</td>\n",
       "      <td>0.003772</td>\n",
       "      <td>-0.018393</td>\n",
       "    </tr>\n",
       "    <tr>\n",
       "      <th>bathrooms</th>\n",
       "      <td>-0.106741</td>\n",
       "      <td>-0.014055</td>\n",
       "      <td>0.733644</td>\n",
       "      <td>0.647499</td>\n",
       "      <td>1.000000</td>\n",
       "      <td>0.770593</td>\n",
       "      <td>0.054891</td>\n",
       "      <td>0.145303</td>\n",
       "      <td>-0.103050</td>\n",
       "      <td>-0.052726</td>\n",
       "      <td>0.044597</td>\n",
       "      <td>0.052827</td>\n",
       "      <td>0.044997</td>\n",
       "      <td>0.051410</td>\n",
       "      <td>0.060295</td>\n",
       "      <td>0.057091</td>\n",
       "      <td>0.057221</td>\n",
       "    </tr>\n",
       "    <tr>\n",
       "      <th>size_sqft</th>\n",
       "      <td>-0.080647</td>\n",
       "      <td>-0.002570</td>\n",
       "      <td>0.808784</td>\n",
       "      <td>0.738410</td>\n",
       "      <td>0.770593</td>\n",
       "      <td>1.000000</td>\n",
       "      <td>0.024422</td>\n",
       "      <td>0.100234</td>\n",
       "      <td>0.026434</td>\n",
       "      <td>-0.129534</td>\n",
       "      <td>0.038302</td>\n",
       "      <td>0.052746</td>\n",
       "      <td>0.046402</td>\n",
       "      <td>0.060830</td>\n",
       "      <td>0.063051</td>\n",
       "      <td>0.036600</td>\n",
       "      <td>0.047815</td>\n",
       "    </tr>\n",
       "    <tr>\n",
       "      <th>min_to_subway</th>\n",
       "      <td>0.009344</td>\n",
       "      <td>-0.059641</td>\n",
       "      <td>0.003652</td>\n",
       "      <td>0.053365</td>\n",
       "      <td>0.054891</td>\n",
       "      <td>0.024422</td>\n",
       "      <td>1.000000</td>\n",
       "      <td>0.029242</td>\n",
       "      <td>-0.138273</td>\n",
       "      <td>0.054977</td>\n",
       "      <td>-0.021765</td>\n",
       "      <td>-0.017840</td>\n",
       "      <td>-0.006722</td>\n",
       "      <td>-0.014314</td>\n",
       "      <td>-0.022058</td>\n",
       "      <td>-0.005652</td>\n",
       "      <td>-0.014924</td>\n",
       "    </tr>\n",
       "    <tr>\n",
       "      <th>floor</th>\n",
       "      <td>-0.095590</td>\n",
       "      <td>0.015090</td>\n",
       "      <td>0.272351</td>\n",
       "      <td>-0.006468</td>\n",
       "      <td>0.145303</td>\n",
       "      <td>0.100234</td>\n",
       "      <td>0.029242</td>\n",
       "      <td>1.000000</td>\n",
       "      <td>-0.352757</td>\n",
       "      <td>0.088094</td>\n",
       "      <td>0.079554</td>\n",
       "      <td>0.060379</td>\n",
       "      <td>0.123108</td>\n",
       "      <td>0.109258</td>\n",
       "      <td>0.036979</td>\n",
       "      <td>0.068119</td>\n",
       "      <td>0.089361</td>\n",
       "    </tr>\n",
       "    <tr>\n",
       "      <th>building_age_yrs</th>\n",
       "      <td>0.047474</td>\n",
       "      <td>-0.036225</td>\n",
       "      <td>-0.122302</td>\n",
       "      <td>0.070329</td>\n",
       "      <td>-0.103050</td>\n",
       "      <td>0.026434</td>\n",
       "      <td>-0.138273</td>\n",
       "      <td>-0.352757</td>\n",
       "      <td>1.000000</td>\n",
       "      <td>-0.213815</td>\n",
       "      <td>-0.055064</td>\n",
       "      <td>-0.031511</td>\n",
       "      <td>-0.058163</td>\n",
       "      <td>-0.067261</td>\n",
       "      <td>-0.040078</td>\n",
       "      <td>-0.048155</td>\n",
       "      <td>-0.063687</td>\n",
       "    </tr>\n",
       "    <tr>\n",
       "      <th>no_fee</th>\n",
       "      <td>0.036605</td>\n",
       "      <td>-0.019666</td>\n",
       "      <td>-0.091769</td>\n",
       "      <td>-0.067047</td>\n",
       "      <td>-0.052726</td>\n",
       "      <td>-0.129534</td>\n",
       "      <td>0.054977</td>\n",
       "      <td>0.088094</td>\n",
       "      <td>-0.213815</td>\n",
       "      <td>1.000000</td>\n",
       "      <td>-0.089593</td>\n",
       "      <td>-0.082366</td>\n",
       "      <td>-0.175022</td>\n",
       "      <td>-0.155638</td>\n",
       "      <td>-0.086081</td>\n",
       "      <td>-0.052192</td>\n",
       "      <td>-0.105797</td>\n",
       "    </tr>\n",
       "    <tr>\n",
       "      <th>has_roofdeck</th>\n",
       "      <td>-0.034081</td>\n",
       "      <td>0.007928</td>\n",
       "      <td>0.081286</td>\n",
       "      <td>-0.012395</td>\n",
       "      <td>0.044597</td>\n",
       "      <td>0.038302</td>\n",
       "      <td>-0.021765</td>\n",
       "      <td>0.079554</td>\n",
       "      <td>-0.055064</td>\n",
       "      <td>-0.089593</td>\n",
       "      <td>1.000000</td>\n",
       "      <td>0.331626</td>\n",
       "      <td>0.506101</td>\n",
       "      <td>0.535333</td>\n",
       "      <td>0.369123</td>\n",
       "      <td>0.145139</td>\n",
       "      <td>0.579826</td>\n",
       "    </tr>\n",
       "    <tr>\n",
       "      <th>has_washer_dryer</th>\n",
       "      <td>-0.072351</td>\n",
       "      <td>0.000589</td>\n",
       "      <td>0.096136</td>\n",
       "      <td>-0.002582</td>\n",
       "      <td>0.052827</td>\n",
       "      <td>0.052746</td>\n",
       "      <td>-0.017840</td>\n",
       "      <td>0.060379</td>\n",
       "      <td>-0.031511</td>\n",
       "      <td>-0.082366</td>\n",
       "      <td>0.331626</td>\n",
       "      <td>1.000000</td>\n",
       "      <td>0.356328</td>\n",
       "      <td>0.410523</td>\n",
       "      <td>0.471480</td>\n",
       "      <td>0.159091</td>\n",
       "      <td>0.376372</td>\n",
       "    </tr>\n",
       "    <tr>\n",
       "      <th>has_doorman</th>\n",
       "      <td>-0.066153</td>\n",
       "      <td>0.027252</td>\n",
       "      <td>0.099106</td>\n",
       "      <td>-0.034031</td>\n",
       "      <td>0.044997</td>\n",
       "      <td>0.046402</td>\n",
       "      <td>-0.006722</td>\n",
       "      <td>0.123108</td>\n",
       "      <td>-0.058163</td>\n",
       "      <td>-0.175022</td>\n",
       "      <td>0.506101</td>\n",
       "      <td>0.356328</td>\n",
       "      <td>1.000000</td>\n",
       "      <td>0.728208</td>\n",
       "      <td>0.374312</td>\n",
       "      <td>0.157709</td>\n",
       "      <td>0.648138</td>\n",
       "    </tr>\n",
       "    <tr>\n",
       "      <th>has_elevator</th>\n",
       "      <td>-0.070506</td>\n",
       "      <td>0.018778</td>\n",
       "      <td>0.120822</td>\n",
       "      <td>-0.027457</td>\n",
       "      <td>0.051410</td>\n",
       "      <td>0.060830</td>\n",
       "      <td>-0.014314</td>\n",
       "      <td>0.109258</td>\n",
       "      <td>-0.067261</td>\n",
       "      <td>-0.155638</td>\n",
       "      <td>0.535333</td>\n",
       "      <td>0.410523</td>\n",
       "      <td>0.728208</td>\n",
       "      <td>1.000000</td>\n",
       "      <td>0.451245</td>\n",
       "      <td>0.151027</td>\n",
       "      <td>0.659879</td>\n",
       "    </tr>\n",
       "    <tr>\n",
       "      <th>has_dishwasher</th>\n",
       "      <td>-0.036664</td>\n",
       "      <td>0.026607</td>\n",
       "      <td>0.096631</td>\n",
       "      <td>-0.007094</td>\n",
       "      <td>0.060295</td>\n",
       "      <td>0.063051</td>\n",
       "      <td>-0.022058</td>\n",
       "      <td>0.036979</td>\n",
       "      <td>-0.040078</td>\n",
       "      <td>-0.086081</td>\n",
       "      <td>0.369123</td>\n",
       "      <td>0.471480</td>\n",
       "      <td>0.374312</td>\n",
       "      <td>0.451245</td>\n",
       "      <td>1.000000</td>\n",
       "      <td>0.154786</td>\n",
       "      <td>0.379161</td>\n",
       "    </tr>\n",
       "    <tr>\n",
       "      <th>has_patio</th>\n",
       "      <td>-0.008090</td>\n",
       "      <td>-0.005895</td>\n",
       "      <td>0.058260</td>\n",
       "      <td>0.003772</td>\n",
       "      <td>0.057091</td>\n",
       "      <td>0.036600</td>\n",
       "      <td>-0.005652</td>\n",
       "      <td>0.068119</td>\n",
       "      <td>-0.048155</td>\n",
       "      <td>-0.052192</td>\n",
       "      <td>0.145139</td>\n",
       "      <td>0.159091</td>\n",
       "      <td>0.157709</td>\n",
       "      <td>0.151027</td>\n",
       "      <td>0.154786</td>\n",
       "      <td>1.000000</td>\n",
       "      <td>0.150856</td>\n",
       "    </tr>\n",
       "    <tr>\n",
       "      <th>has_gym</th>\n",
       "      <td>-0.032547</td>\n",
       "      <td>0.016330</td>\n",
       "      <td>0.093737</td>\n",
       "      <td>-0.018393</td>\n",
       "      <td>0.057221</td>\n",
       "      <td>0.047815</td>\n",
       "      <td>-0.014924</td>\n",
       "      <td>0.089361</td>\n",
       "      <td>-0.063687</td>\n",
       "      <td>-0.105797</td>\n",
       "      <td>0.579826</td>\n",
       "      <td>0.376372</td>\n",
       "      <td>0.648138</td>\n",
       "      <td>0.659879</td>\n",
       "      <td>0.379161</td>\n",
       "      <td>0.150856</td>\n",
       "      <td>1.000000</td>\n",
       "    </tr>\n",
       "  </tbody>\n",
       "</table>\n",
       "</div>"
      ],
      "text/plain": [
       "                  rental_id  building_id      rent  bedrooms  bathrooms  \\\n",
       "rental_id          1.000000    -0.005627 -0.142801 -0.035035  -0.106741   \n",
       "building_id       -0.005627     1.000000 -0.001235  0.007502  -0.014055   \n",
       "rent              -0.142801    -0.001235  1.000000  0.531200   0.733644   \n",
       "bedrooms          -0.035035     0.007502  0.531200  1.000000   0.647499   \n",
       "bathrooms         -0.106741    -0.014055  0.733644  0.647499   1.000000   \n",
       "size_sqft         -0.080647    -0.002570  0.808784  0.738410   0.770593   \n",
       "min_to_subway      0.009344    -0.059641  0.003652  0.053365   0.054891   \n",
       "floor             -0.095590     0.015090  0.272351 -0.006468   0.145303   \n",
       "building_age_yrs   0.047474    -0.036225 -0.122302  0.070329  -0.103050   \n",
       "no_fee             0.036605    -0.019666 -0.091769 -0.067047  -0.052726   \n",
       "has_roofdeck      -0.034081     0.007928  0.081286 -0.012395   0.044597   \n",
       "has_washer_dryer  -0.072351     0.000589  0.096136 -0.002582   0.052827   \n",
       "has_doorman       -0.066153     0.027252  0.099106 -0.034031   0.044997   \n",
       "has_elevator      -0.070506     0.018778  0.120822 -0.027457   0.051410   \n",
       "has_dishwasher    -0.036664     0.026607  0.096631 -0.007094   0.060295   \n",
       "has_patio         -0.008090    -0.005895  0.058260  0.003772   0.057091   \n",
       "has_gym           -0.032547     0.016330  0.093737 -0.018393   0.057221   \n",
       "\n",
       "                  size_sqft  min_to_subway     floor  building_age_yrs  \\\n",
       "rental_id         -0.080647       0.009344 -0.095590          0.047474   \n",
       "building_id       -0.002570      -0.059641  0.015090         -0.036225   \n",
       "rent               0.808784       0.003652  0.272351         -0.122302   \n",
       "bedrooms           0.738410       0.053365 -0.006468          0.070329   \n",
       "bathrooms          0.770593       0.054891  0.145303         -0.103050   \n",
       "size_sqft          1.000000       0.024422  0.100234          0.026434   \n",
       "min_to_subway      0.024422       1.000000  0.029242         -0.138273   \n",
       "floor              0.100234       0.029242  1.000000         -0.352757   \n",
       "building_age_yrs   0.026434      -0.138273 -0.352757          1.000000   \n",
       "no_fee            -0.129534       0.054977  0.088094         -0.213815   \n",
       "has_roofdeck       0.038302      -0.021765  0.079554         -0.055064   \n",
       "has_washer_dryer   0.052746      -0.017840  0.060379         -0.031511   \n",
       "has_doorman        0.046402      -0.006722  0.123108         -0.058163   \n",
       "has_elevator       0.060830      -0.014314  0.109258         -0.067261   \n",
       "has_dishwasher     0.063051      -0.022058  0.036979         -0.040078   \n",
       "has_patio          0.036600      -0.005652  0.068119         -0.048155   \n",
       "has_gym            0.047815      -0.014924  0.089361         -0.063687   \n",
       "\n",
       "                    no_fee  has_roofdeck  has_washer_dryer  has_doorman  \\\n",
       "rental_id         0.036605     -0.034081         -0.072351    -0.066153   \n",
       "building_id      -0.019666      0.007928          0.000589     0.027252   \n",
       "rent             -0.091769      0.081286          0.096136     0.099106   \n",
       "bedrooms         -0.067047     -0.012395         -0.002582    -0.034031   \n",
       "bathrooms        -0.052726      0.044597          0.052827     0.044997   \n",
       "size_sqft        -0.129534      0.038302          0.052746     0.046402   \n",
       "min_to_subway     0.054977     -0.021765         -0.017840    -0.006722   \n",
       "floor             0.088094      0.079554          0.060379     0.123108   \n",
       "building_age_yrs -0.213815     -0.055064         -0.031511    -0.058163   \n",
       "no_fee            1.000000     -0.089593         -0.082366    -0.175022   \n",
       "has_roofdeck     -0.089593      1.000000          0.331626     0.506101   \n",
       "has_washer_dryer -0.082366      0.331626          1.000000     0.356328   \n",
       "has_doorman      -0.175022      0.506101          0.356328     1.000000   \n",
       "has_elevator     -0.155638      0.535333          0.410523     0.728208   \n",
       "has_dishwasher   -0.086081      0.369123          0.471480     0.374312   \n",
       "has_patio        -0.052192      0.145139          0.159091     0.157709   \n",
       "has_gym          -0.105797      0.579826          0.376372     0.648138   \n",
       "\n",
       "                  has_elevator  has_dishwasher  has_patio   has_gym  \n",
       "rental_id            -0.070506       -0.036664  -0.008090 -0.032547  \n",
       "building_id           0.018778        0.026607  -0.005895  0.016330  \n",
       "rent                  0.120822        0.096631   0.058260  0.093737  \n",
       "bedrooms             -0.027457       -0.007094   0.003772 -0.018393  \n",
       "bathrooms             0.051410        0.060295   0.057091  0.057221  \n",
       "size_sqft             0.060830        0.063051   0.036600  0.047815  \n",
       "min_to_subway        -0.014314       -0.022058  -0.005652 -0.014924  \n",
       "floor                 0.109258        0.036979   0.068119  0.089361  \n",
       "building_age_yrs     -0.067261       -0.040078  -0.048155 -0.063687  \n",
       "no_fee               -0.155638       -0.086081  -0.052192 -0.105797  \n",
       "has_roofdeck          0.535333        0.369123   0.145139  0.579826  \n",
       "has_washer_dryer      0.410523        0.471480   0.159091  0.376372  \n",
       "has_doorman           0.728208        0.374312   0.157709  0.648138  \n",
       "has_elevator          1.000000        0.451245   0.151027  0.659879  \n",
       "has_dishwasher        0.451245        1.000000   0.154786  0.379161  \n",
       "has_patio             0.151027        0.154786   1.000000  0.150856  \n",
       "has_gym               0.659879        0.379161   0.150856  1.000000  "
      ]
     },
     "execution_count": 4,
     "metadata": {},
     "output_type": "execute_result"
    }
   ],
   "source": [
    "#Factors that correlate high with the rent\n",
    "#1) size_sqft\n",
    "#2) bathrooms\n",
    "#3) bedroooms\n",
    "#4) floor\n",
    "apartments.corr()"
   ]
  },
  {
   "cell_type": "code",
   "execution_count": 30,
   "metadata": {},
   "outputs": [],
   "source": [
    "borough = 'Manhattan'\n",
    "features = boroughs[borough][['bedrooms','bathrooms','size_sqft','floor']]\n"
   ]
  },
  {
   "cell_type": "code",
   "execution_count": 31,
   "metadata": {},
   "outputs": [],
   "source": [
    "X_train, X_test, y_train, y_test = train_test_split(features,boroughs[borough]['rent'],test_size=0.2,random_state=1)"
   ]
  },
  {
   "cell_type": "code",
   "execution_count": 32,
   "metadata": {},
   "outputs": [
    {
     "data": {
      "text/plain": [
       "LinearRegression()"
      ]
     },
     "execution_count": 32,
     "metadata": {},
     "output_type": "execute_result"
    }
   ],
   "source": [
    "from sklearn.linear_model import LinearRegression\n",
    "\n",
    "model = LinearRegression()\n",
    "model.fit(X_train, y_train)"
   ]
  },
  {
   "cell_type": "code",
   "execution_count": 33,
   "metadata": {},
   "outputs": [
    {
     "name": "stdout",
     "output_type": "stream",
     "text": [
      "0.7778765021453493\n",
      "0.741492611302361\n"
     ]
    }
   ],
   "source": [
    "print(model.score(X_train, y_train))\n",
    "print(model.score(X_test, y_test))"
   ]
  },
  {
   "cell_type": "code",
   "execution_count": null,
   "metadata": {},
   "outputs": [],
   "source": []
  }
 ],
 "metadata": {
  "kernelspec": {
   "display_name": "Python 3",
   "language": "python",
   "name": "python3"
  },
  "language_info": {
   "codemirror_mode": {
    "name": "ipython",
    "version": 3
   },
   "file_extension": ".py",
   "mimetype": "text/x-python",
   "name": "python",
   "nbconvert_exporter": "python",
   "pygments_lexer": "ipython3",
   "version": "3.8.3"
  }
 },
 "nbformat": 4,
 "nbformat_minor": 4
}
